1 41
1 2
1 3
1 4
1 5
1 6
1 7
1 8
1 9
1 10
1 12
1 13
1 14
1 15
1 16
1 17
1 18
1 19
1 20
1 22
1 23
1 24
1 25
1 26
1 27
1 28
1 29
1 30
1 31
1 32
1 34
1 35
1 36
1 39
1 40
1 42
1 43
1 44
1 45
1 46
1 48
1 49
1 50
1 51
1 52
1 95
1 96
1 97
1 98
1 100
1 101
1 102
1 105
1 107
1 108
1 110
1 111
1 113
1 114
1 116
1 117
1 118
1 119
1 120
1 121
1 122
1 125
1 126
1 128
1 129
1 130
1 131
1 132
1 146
1 147
1 150
1 151
1 153
1 154
1 155
1 156
1 158
1 159
1 161
1 163
1 166
1 172
1 174
1 175
1 177
1 180
1 183
1 192
1 193
1 194
1 195
1 196
1 199
1 200
1 202
1 203
1 204
1 205
1 206
1 207
1 209
1 211
1 212
1 213
1 214
1 215
1 217
1 219
1 221
1 223
1 224
1 225
1 226
1 228
1 229
1 230
1 231
1 232
1 233
1 234
1 235
1 236
1 237
1 66
1 93
1 99
1 104
1 106
1 115
1 123
1 127
1 157
1 190
1 191
1 198
1 201
1 208
1 218
1 220
1 222
1 227
1 238
1 94
1 109
1 124
1 137
1 149
1 188
1 210
1 216
1 103
1 112
1 133
1 143
1 160
1 197
1 11
1 21
1 138
1 142
1 181
1 91
2 64
2 0
2 1
2 33
2 47
2 53
2 54
2 55
2 56
2 57
2 58
2 59
2 60
2 61
2 62
2 63
2 65
2 67
2 68
2 69
2 70
2 71
2 72
2 73
2 74
2 75
2 76
2 77
2 78
2 79
2 80
2 81
2 82
2 83
2 84
2 85
2 86
2 87
2 88
2 89
2 90
2 92
2 134
2 135
2 136
2 139
2 140
2 141
2 144
2 145
2 148
2 152
2 162
2 164
2 165
2 167
2 168
2 169
2 170
2 171
2 173
2 176
2 178
2 179
2 182
2 184
2 185
2 186
2 187
2 189
2 37
2 38
